2000 500
195
175
91
98
176
48
81
113
156
171
126
119
144
21
188
178
5
103
137
6
19
151
174
88
37
119
49
8
23
25
149
13
53
198
62
120
175
93
74
23
122
2
6
174
96
43
190
101
93
43
13
155
166
70
156
175
166
126
169
120
96
82
79
90
166
142
132
163
170
189
142
139
92
37
197
186
115
103
34
31
20
128
158
37
128
102
93
117
66
146
143
135
192
157
44
136
163
32
35
138
149
76
181
68
91
91
84
84
169
178
81
75
132
75
62
147
199
157
24
160
58
193
197
142
135
16
77
102
11
196
58
6
84
181
65
102
52
152
21
84
181
81
129
71
45
23
102
103
195
111
183
104
4
159
58
195
44
129
50
138
121
11
22
151
154
111
120
161
93
24
127
7
162
148
160
2
53
40
11
2
142
21
120
85
110
94
43
20
38
81
53
155
51
163
196
64
190
163
27
187
191
61
9
118
183
12
8
151
90
176
32
39
137
60
97
21
144
173
114
152
153
161
142
86
12
167
158
25
7
21
55
176
47
168
192
72
57
24
159
180
71
127
9
78
109
131
101
162
82
194
191
139
169
128
48
82
95
148
157
29
95
58
92
49
28
39
169
76
92
6
74
139
84
91
103
41
110
60
40
122
116
40
195
199
194
183
36
110
200
6
128
80
136
198
66
41
185
133
79
186
155
8
90
104
72
30
43
124
113
158
39
94
90
76
145
17
61
183
131
85
119
98
19
180
132
57
76
66
171
119
77
30
170
189
194
31
62
10
52
85
20
7
47
172
33
46
191
127
13
35
2
26
112
81
129
74
126
155
6
33
26
176
182
23
182
154
78
159
110
117
79
137
37
41
166
36
122
81
180
60
55
141
123
5
117
176
179
117
192
58
97
183
111
36
175
108
64
173
31
136
46
66
107
36
58
13
80
39
131
112
126
119
147
103
62
198
20
145
195
181
47
132
120
103
198
139
192
74
180
67
123
197
61
18
186
61
159
12
43
150
26
180
119
173
84
40
129
104
177
91
17
63
51
167
182
194
60
173
8
90
20
0
0
150
189
126
102
129
70
188
47
25
96
84
94
181
170
70
107
190
134
189
27
80
36
66
151
172
96
162
140
77
81
172
39
126
134
176
70
194
63
8
62
165
21
118
51
141
28
186
61
138
94
116
12
28
72
173
142
99
42
153
106
182
17
82
185
167
39
141
136
161
35
157
93
133
99
119
105
150
67
179
30
95
200
144
179
103
21
57
73
162
16
163
51
72
62
196
62
81
108
192
133
88
68
138
137
106
108
57
189
43
25
53
65
29
64
1
164
191
148
36
169
107
7
70
25
79
40
92
43
186
84
66
154
44
103
43
114
131
70
199
159
142
98
151
50
26
156
173
86
52
122
130
21
3
39
140
170
47
166
81
169
167
126
180
45
196
91
175
176
70
153
137
81
15
91
133
184
83
40
122
34
71
147
20
126
173
11
173
50
57
75
107
26
181
74
140
163
23
21
183
129
93
137
77
182
60
70
151
102
36
124
36
174
195
136
18
129
167
198
101
16
126
83
148
92
76
13
35
50
85
140
55
122
147
64
114
118
68
51
184
175
191
74
152
157
112
197
74
161
57
18
90
197
169
144
93
162
161
180
144
153
116
156
192
23
97
55
159
149
129
1
134
158
120
173
144
6
28
49
189
38
33
116
166
194
129
190
26
148
70
59
43
173
60
149
42
95
54
92
30
65
9
146
57
38
113
135
121
166
113
58
158
3
134
82
162
187
39
35
46
25
137
24
5
171
135
50
66
88
169
107
176
38
60
41
200
34
11
53
179
80
135
58
8
71
83
61
55
11
172
122
39
70
40
174
163
170
171
175
191
18
104
6
135
132
111
109
23
175
184
64
103
1
38
200
161
100
146
42
58
15
15
88
153
16
13
45
14
193
99
26
178
20
113
57
75
119
94
3
4
33
19
147
166
66
22
19
198
21
198
0
187
36
122
27
179
47
25
15
169
111
162
162
0
125
74
67
103
96
117
107
49
133
69
27
166
116
103
1
11
195
138
17
131
11
180
90
67
120
105
120
35
134
123
97
29
87
70
117
39
160
53
55
79
30
57
19
148
150
49
15
72
159
23
101
180
52
69
115
48
38
150
32
77
161
13
28
14
33
190
64
117
153
185
141
36
165
148
160
132
171
40
161
131
9
66
199
173
100
122
179
109
126
155
122
3
65
131
139
79
75
44
112
199
95
117
148
39
132
156
73
48
15
31
170
163
53
141
181
183
13
153
78
104
153
129
104
56
152
113
139
152
44
83
190
145
119
117
187
1
75
52
84
45
168
4
75
83
101
149
165
50
28
144
72
13
24
112
192
102
4
9
177
98
71
52
197
67
161
38
4
23
193
157
124
70
5
101
51
148
116
17
111
182
35
122
193
47
28
37
135
46
15
104
17
24
164
59
147
113
122
138
145
75
68
4
36
112
151
180
188
170
49
153
139
196
159
200
131
112
105
82
46
114
79
96
70
171
140
95
24
125
194
132
178
0
166
66
133
48
177
95
137
109
3
192
68
154
179
160
124
41
137
85
187
151
109
100
21
193
7
11
38
41
24
140
73
98
175
141
129
87
17
131
134
140
106
141
112
77
94
49
132
100
52
189
167
100
166
133
70
53
96
162
188
51
33
36
76
114
163
118
57
180
139
27
136
36
145
101
109
185
130
191
3
173
184
120
132
17
57
98
132
88
5
89
145
166
38
87
51
48
139
78
15
167
158
178
91
154
171
39
18
33
130
76
67
129
116
32
28
75
131
165
11
25
184
159
31
162
153
194
9
197
20
1
175
50
24
194
193
36
164
6
127
34
21
80
73
137
69
112
86
189
130
149
170
169
144
156
167
13
35
150
167
137
108
16
181
193
14
194
106
23
188
100
87
178
26
66
195
52
194
151
106
107
172
170
144
123
191
35
145
24
133
29
191
14
146
188
163
192
200
127
129
97
43
101
118
176
140
157
64
65
15
122
34
15
13
27
166
71
13
194
170
2
181
33
41
156
92
180
60
35
198
15
87
49
95
40
170
85
185
137
27
113
169
153
117
149
26
11
148
179
23
68
142
153
191
0
145
94
141
108
13
59
173
34
3
65
73
57
56
101
27
2
180
163
120
199
8
52
188
189
146
148
23
0
24
192
21
85
146
133
84
167
11
150
133
25
195
160
81
16
102
69
179
157
140
145
86
7
91
5
194
159
45
86
200
171
195
169
19
52
146
141
75
185
109
30
88
162
80
37
25
148
6
182
38
102
149
51
39
60
71
15
51
85
158
106
29
79
182
93
41
12
70
112
33
194
91
39
184
118
104
124
126
179
140
189
34
192
172
67
13
89
191
99
24
142
55
35
70
69
138
41
190
12
147
1
27
117
49
127
14
199
154
126
23
140
14
130
186
146
97
174
121
89
44
51
33
95
173
29
142
145
39
128
125
13
172
125
171
69
44
178
149
146
8
170
199
144
17
151
123
23
141
19
8
154
195
188
123
103
99
157
148
178
138
29
120
82
198
41
147
61
84
82
188
91
164
136
76
9
169
98
92
149
196
185
175
179
37
141
85
171
109
56
160
85
134
190
192
52
51
168
12
74
174
156
158
40
15
166
138
196
124
55
191
188
120
84
179
91
157
159
197
114
141
147
100
57
199
140
57
172
31
109
61
156
36
137
87
40
148
95
160
137
125
112
73
179
166
70
7
81
185
74
19
121
9
64
50
53
25
45
130
165
77
10
113
139
60
19
101
4
1
2
195
165
194
143
182
3
111
176
177
57
38
46
84
17
119
169
60
59
91
49
181
1
88
123
87
109
113
178
126
16
48
130
182
59
183
187
16
33
112
96
119
174
169
141
134
200
64
145
29
24
104
62
120
61
42
145
158
64
52
123
80
136
154
115
165
14
200
176
125
26
101
11
37
106
120
170
177
23
10
144
168
144
164
34
94
6
126
136
38
115
166
29
41
157
193
102
179
37
33
12
166
178
126
22
33
142
89
120
7
73
140
123
4
175
78
54
18
100
6
16
132
23
161
54
42
3
36
142
103
8
88
190
152
102
76
162
9
7
62
38
194
185
101
41
165
30
118
104
28
163
104
73
148
71
181
113
103
133
176
83
6
70
30
194
59
178
71
153
87
115
108
82
32
51
54
164
81
188
187
136
189
148
73
189
39
54
46
177
67
188
53
126
21
18
60
57
105
173
36
184
17
195
152
58
156
120
49
23
147
170
95
13
167
78
126
54
49
199
116
92
45
142
36
40
158
156
192
4
48
170
147
82
168
156
75
161
15
97
12
159
45
176
48
193
27
63
8
82
13
124
182
14
60
46
4
26
135
165
86
59
193
36
5
111
184
107
171
148
54
14
118
103
3
163
129
178
159
101
18
93
178
155
193
49
96
89
13
103
6
87
104
199
25
71
11
123
85
127
114
100
71
3
168
82
145
3
11
157
46
107
16
56
133
130
148
192
129
135
150
100
114
61
122
169
27
68
147
67
17
34